16797
2760
7410
11336
7260
8798
7637
15140
18350
19641
12352
11323
6732
4370
7129
12224
19004
1785
17749
19084
10612
16718
10970
3166
8718
10500
14043
18596
2282
10795
4999
1509
10998
17851
8981
5491
3012
41
5924
14029
18532
1316
7459
3844
18007
7177
18106
4590
16433
5615
409
11602
3777
12693
6109
3351
18322
1283
487
10014
7703
12949
14802
9170
5125
17003
14840
4077
18754
7643
5052
1155
15654
10400
11466
13238
13747
4149
19704
5892
13297
12952
13748
10330
2818
13024
17334
7811
6788
14957
8084
331
9769
17138
7526
9886
13836
18905
14059
8965
9378
11311
14904
12806
16628
9494
2124
10824
2649
16414
15567
14384
109
11905
935
5268
9035
16409
11333
18757
1630
16273
12298
13170
6597
7689
13216
9941
16209
18419
10150
7313
3121
16003
17813
5105
8833
16478
8280
16761
7866
12560
9187
12858
17954
16298
15684
7726
300
8412
5611
16019
18477
10542
7803
9352
7255
16121
12040
15715
16264
13055
16378
9712
13354
6849
13996
14822
11084
4329
15528
2129
16910
9945
4624
10346
16288
3497
183
17903
18294
15870
1694
12795
16597
17916
7724
3755
13899
14404
2167
6765
1972
12209
11619
15727
9123
4491
5345
3336
19861
9159
16042
13191
14337
5855
11414
123
14620
9341
1419
2809
11347
14184
8251
10066
4005
6158
9114
7288
19748
13866
380
2065
17570
14588
6432
17641
857
2968
898
16659
6130
13060
4666
16641
7874
12926
14116
10979
7407
6287
13138
19045
2575
8532
13867
3976
11660
17042
5644
6782
10669
1455
18960
14439
2966
12530
16119
16415
3317
1776
16117
10956
14746
18465
19249
6531
9509
4199
16536
7760
7023
8595
97
129
10779
10119
7144
2851
1511
5067
8988
1646
1958
12564
7168
14528
852
12762
16574
8012
14917
13689
1013
2926
18089
1823
17222
17744
10885
5997
