11336
846
18148
2200
9302
12336
16995
4313
11011
19250
13685
15349
17693
15235
19693
15276
17671
8632
16797
15596
18103
19975
19004
19641
19941
19084
19236
19598
19913
19734
19668
19617
17724
19559
1011
11284
11955
14704
14808
16496
18978
17232
16734
18712
17179
17505
19526
17244
16991
17617
18866
19039
17075
17180
17749
18596
18350
17851
18905
18532
18007
18322
18754
19704
19391
18757
19850
18106
18471
19650
18917
19854
19479
19312
19768
18484
19933
18732
19857
19177
19755
19148
18777
19684
19820
19992
19949
19946
19956
19998
19012
19576
19127
19109
19869
19360
19985
19551
19667
19901
19246
19513
19593
19542
19520
19627
19912
19741
19552
19654
19676
19953
19909
19571
19645
19708
19560
19898
19988
19615
19968
19952
19868
19963
19983
19630
19815
19893
19833
19973
19861
19899
19957
19917
19972
19993
19995
19934
19969
19951
19982
19994
19971
19987
19999
